10;30.26
20;30.35
30;30.45
40;32.22
50;34.73
60;37.12
70;39.30
80;41.90
90;44.41
100;45.96
110;48.32
120;51.37
130;52.34
140;54.07
150;55.12
160;58.27
170;58.43
180;61.17
190;62.07
200;61.53
210;64.72
220;66.33
230;66.75
240;67.80
250;67.59
260;70.25
270;71.19
280;71.19
290;72.15
300;72.89
310;74.42
320;74.68
330;74.68
340;76.30
350;76.57
360;77.42
370;77.42
380;77.71
390;79.18
400;78.29
410;78.58
420;79.79
430;79.79
440;80.09
450;80.72
460;81.36
470;80.41
480;80.72
490;81.36
500;82.01
510;82.01
520;81.68
530;81.68
540;82.01
550;82.34
560;83.34
570;81.36
580;83.00
590;83.34
600;83.69
610;82.01
620;84.03
630;83.34
640;83.69
650;83.69
660;82.01
670;84.38
680;83.69
690;84.03
700;85.10
710;84.38
720;84.74
730;84.03
740;83.69
750;84.74
760;83.69
770;85.10
780;84.03
790;85.46
800;84.74
810;85.46
820;85.46
830;85.83
840;84.38
850;85.10
860;84.74
870;85.46
880;85.10
890;85.46
900;85.46
910;85.10
920;85.46
930;85.83
940;85.46
950;85.83
960;85.46
970;85.46
980;85.83
990;85.83
1000;84.74
1010;84.74
1020;85.10
1030;85.10
1040;84.03
1050;86.57
1060;84.74
1070;85.46
1080;86.20
1090;84.74
1100;84.38
1110;86.57
1120;84.74
1130;85.83
1140;85.10
1150;86.20
1160;86.57
1170;85.10
1180;85.46
1190;86.20
1200;85.10
1210;85.46
1220;85.83
1230;85.10
1240;85.83
1250;85.10
1260;86.57
1270;85.83
1280;85.83
1290;86.20
1300;87.33
1310;87.33
1320;85.83
1330;87.33
1340;87.33
1350;87.33
1360;87.72
1370;86.20
1380;88.51
1390;88.51
1400;87.72
1410;88.51
1420;87.33
1430;88.91
1440;90.15
1450;89.32
1460;88.91
1470;88.91
1480;89.32
1490;88.51
1500;90.15
1510;90.15
1520;89.73
1530;90.57
1540;88.91
1550;90.15
1560;89.73
1570;90.15
1580;90.15
1590;89.73
1600;89.73
1610;90.57
1620;90.57
1630;89.73
1640;90.57
1650;89.73
1660;91.00
1670;91.00
1680;90.15
1690;90.15
1700;89.73
1710;91.00
1720;90.57
1730;91.00
1740;91.00
1750;90.57
1760;90.57
1770;90.15
1780;92.32
1790;90.57
1800;90.57
1810;90.15
1820;90.57
1831;91.00
1841;90.57
1851;91.00
1861;90.57
1871;91.00
1881;92.77
1891;92.77
1901;91.43
1911;92.77
1921;91.00
1931;91.00
1941;91.00
1951;91.43
1961;91.43
1971;92.77
1981;91.43
1991;92.77
2001;91.43
2011;92.32
2021;90.15
2031;91.43
2041;92.32
2051;91.00
2061;91.00
2071;91.43
2081;91.43
2091;92.32
2101;93.22
2111;91.43
2121;91.43
2131;93.22
2141;91.43
2151;93.22
2161;91.00
2171;93.22
2181;92.32
2191;92.77
2201;91.43
2211;91.43
2221;91.00
2231;92.77
2241;91.43
2251;92.77
2261;91.43
2271;91.43
2281;92.77
2291;92.32
2301;92.32
2311;91.43
2321;91.43
2331;91.00
2341;92.32
2351;91.43
2361;92.32
2371;91.43
2381;91.43
2391;92.77
2401;91.43
2411;91.00
2421;91.00
2431;92.32
2441;92.77
2451;91.43
2461;91.00
2471;90.57
2481;93.22
2491;91.00
2501;92.77
2511;91.00
2521;91.43
2531;91.43
2541;92.77
2551;93.22
2561;92.32
2571;91.43
2581;91.43
2591;92.32
2601;92.32
2611;91.43
2621;92.77
2631;92.77
2641;92.32
2651;91.43
2661;92.32
2671;92.32
2681;92.32
2691;92.32
2701;91.43
2711;92.77
2721;91.43
2731;92.77
2741;93.22
2751;90.15
2761;92.77
2771;93.22
2781;91.43
2791;92.77
2801;92.32
2811;93.22
2821;92.32
2831;91.43
2841;93.22
2851;91.43
2861;92.32
2871;93.22
2881;92.77
2891;91.43
2901;93.22
2911;90.15
2921;92.77
2931;91.43
2941;92.77
2951;92.32
2961;92.77
2971;92.32
2981;92.32
2991;92.77
3001;91.00
3011;92.32
3021;91.43
3031;92.32
3041;92.32
3051;92.77
3061;93.22
3071;92.32
3081;93.22
3091;93.22
3101;92.32
3111;91.43
3121;92.77
3131;93.22
3141;92.32
3151;93.22
3161;93.22
3171;91.00
3181;92.32
3191;93.69
3201;92.32
3211;91.43
3221;91.43
3231;92.77
3241;92.77
3251;92.32
3261;90.15
3271;92.32
3281;92.77
3291;92.32
3301;92.32
3311;92.77
3321;93.69
3331;92.32
3341;91.43
3351;93.22
3361;92.77
3371;92.77
3381;92.77
3391;93.22
3401;92.32
3411;92.77
3421;92.32
3431;92.77
3441;92.77
3451;93.69
3461;91.43
3471;92.32
3481;91.43
3491;90.57
3501;93.22
3511;91.43
3521;92.32
3531;92.77
3541;92.32
3551;93.22
3561;91.43
3571;92.32
3581;92.32
3591;92.32
3601;93.22
3611;91.43
3621;91.00
3631;92.77
3641;93.22
3651;91.43
3661;91.43
3671;92.32
3681;91.43
3691;91.00
3701;92.77
3711;90.57
3721;92.32
3731;92.32
3741;93.22
3751;91.43
3761;93.22
3771;90.57
3781;92.77
3791;93.69
3801;93.22
3811;92.32
3822;91.00
3832;92.32
3842;93.69
3852;91.43
3862;93.22
3872;92.32
3882;92.32
3892;93.22
3902;93.22
3912;92.77
3922;93.22
3932;93.22
3942;92.77
3952;92.77
3962;92.77
3972;91.00
3982;93.69
3992;92.77
4002;92.32
4012;93.22
4022;92.32
4032;93.22
4042;92.77
4052;92.77
4062;92.32
4072;92.32
4082;91.43
4092;92.77
4102;93.22
4112;93.22
4122;92.32
4132;93.22
4142;92.32
4152;92.32
4162;92.32
4172;92.77
4182;90.57
4192;91.43
4202;93.22
4212;93.22
4222;92.32
4232;92.32
4242;92.32
4252;92.32
4262;92.32
4272;92.77
4282;92.77
4292;92.77
4302;92.32
4312;92.32
4322;92.77
4332;92.77
4342;92.77
4352;91.43
4362;92.77
4372;92.77
4382;92.32
4392;92.32
4402;93.22
4412;92.32
4422;93.22
4432;92.32
4442;92.32
4452;92.32
4462;91.00
4472;92.77
4482;92.32
4492;93.22
4502;92.32
4512;92.32
4522;93.69
4532;92.77
4542;90.57
4552;92.77
4562;91.00
4572;92.32
4582;92.77
4592;93.22
4602;91.43
4612;92.77
4622;90.57
4632;91.00
4642;92.32
4652;93.22
4662;91.43
4672;91.00
4682;91.43
4692;92.32
4702;92.32
4712;91.43
4722;92.32
4732;92.32
4742;90.57
4752;93.22
4762;92.32
4772;92.32
4782;92.32
4792;92.32
4802;93.22
4812;91.43
4822;93.22
4832;93.22
4842;92.32
4852;93.22
4862;93.22
4872;92.77
4882;92.32
4892;92.32
4902;90.57
4912;92.32
4922;91.43
4932;91.43
4942;92.32
4952;90.15
4962;92.32
4972;92.77
4982;92.77
4992;92.77
5002;92.32
5012;92.32
5022;92.32
5032;92.77
5042;92.32
5052;92.77
5062;92.32
5072;92.32
5082;92.32
5092;92.32
5102;93.22
5112;92.77
5122;91.43
5132;91.00
5142;91.43
5152;93.22
5162;92.32
5172;92.77
5182;92.32
5192;93.22
5202;92.32
5212;91.00
5222;92.77
5232;92.77
5242;92.32
5252;91.43
5262;92.32
5272;92.32
5282;93.69
5292;91.00
5302;92.32
5312;91.43
5322;91.43
5332;91.43
5342;91.43
5352;92.77
5362;90.57
5372;92.32
5382;91.43
5392;91.43
5402;92.32
5412;92.77
5422;93.22
5432;93.22
5442;92.32
5452;91.43
5462;92.32
5472;92.32
5482;91.00
5492;91.43
5502;92.77
5512;91.43
5522;93.22
5532;90.15
5542;92.77
5552;92.77
5562;91.43
5572;90.57
5582;92.32
5592;91.43
5602;92.77
5612;91.43
5622;93.22
5632;91.43
5642;91.43
5652;91.00
5662;92.32
5672;90.57
5682;91.43
5692;92.32
5702;91.43
5712;91.00
5722;91.00
5732;91.43
5742;91.00
5752;91.43
5762;89.73
5772;90.15
5782;90.57
5792;90.57
5803;90.57
5813;88.51
5823;90.57
5833;90.15
5843;90.57
5853;91.00
5863;90.15
5873;89.73
5883;90.57
5893;89.73
5903;89.32
5913;89.73
5923;89.73
5933;89.73
5943;90.57
5953;89.32
5963;89.73
5973;90.57
5983;90.15
5993;89.32
6003;89.73
6013;90.15
6023;88.91
6033;90.57
6043;88.91
6053;88.91
6063;88.91
6073;89.32
6083;88.51
6093;89.32
6103;89.32
6113;89.32
6123;89.73
6133;90.15
6143;88.91
6153;90.57
6163;89.32
6173;89.32
6183;89.32
6193;88.91
6203;89.73
6213;88.91
6223;89.32
6233;89.73
6243;87.72
6253;89.32
6263;88.91
6273;90.15
6283;89.32
6293;89.32
6303;89.73
6313;89.73
6323;88.91
6333;87.72
6343;88.51
6353;88.91
6363;88.91
6373;88.91
6383;89.73
6393;90.15
6403;89.73
6413;89.32
6423;88.51
6433;88.51
6443;88.51
6453;88.91
6463;89.32
6473;89.32
6483;88.51
6493;87.72
6503;88.51
6513;87.33
6523;88.91
6533;89.32
6543;88.11
6553;88.11
6563;89.32
6573;88.91
6583;88.91
6593;89.73
6603;88.51
6613;88.91
6623;88.91
6633;88.91
6643;89.32
6653;88.51
6663;88.91
6673;88.11
6683;91.43
6693;89.32
6703;88.91
6713;88.11
6723;88.51
6733;88.91
6743;89.32
6753;88.91
6763;89.32
6773;90.15
6783;88.91
6793;89.32
6803;89.32
6813;88.91
6823;89.32
6833;88.51
6843;88.51
6853;88.91
6863;89.73
6873;88.11
6883;88.91
6893;88.91
6903;88.91
6913;89.32
6923;89.73
6933;88.51
6943;88.91
6953;86.57
6963;89.32
6973;89.32
6983;88.91
6993;88.51
7003;88.91
7013;89.32
7023;89.32
7033;88.51
7043;89.32
7053;87.72
7063;88.51
7073;89.73
7083;88.91
7093;88.11
7103;89.32
7113;88.51
7123;89.73
7133;88.91
7143;88.91
7153;88.51
7163;89.73
7173;89.32
7183;89.73
7193;90.15
7203;88.11
7213;90.15
7223;87.72
7233;89.32
7243;90.15
7253;88.91
7263;89.73
7273;87.72
7283;90.15
7293;89.73
7303;90.15
7313;89.32
7323;88.51
7333;88.91
7343;89.73
7353;88.11
7363;89.32
7373;89.32
7383;89.73
7393;89.73
7403;89.32
7413;88.91
7423;88.91
7433;89.73
7443;89.32
7453;88.91
7463;90.15
7473;89.73
7483;89.73
7493;88.91
7503;89.32
7513;90.15
7523;89.73
7533;90.15
7543;90.15
7553;89.32
7563;88.51
7573;89.32
7583;88.91
7593;88.91
7603;89.32
7613;89.32
7623;88.51
7633;90.57
7643;88.11
7653;88.11
7663;89.32
7673;88.91
7683;89.32
7693;88.51
7703;88.91
7713;88.91
7723;88.51
7733;88.91
7743;88.91
7753;88.51
7763;88.11
7773;87.72
7783;88.11
7794;88.11
7804;89.32
7814;88.11
7824;89.32
7834;88.91
7844;88.51
7854;88.11
7864;88.91
7874;88.91
7884;88.51
7894;88.91
7904;88.51
7914;88.51
7924;88.91
7934;88.51
7944;90.15
7954;88.91
7964;89.32
7974;88.51
7984;88.91
7994;88.91
8004;89.73
8014;88.91
8024;88.91
8034;90.15
8044;88.51
8054;88.51
8064;88.51
8074;88.91
8084;88.91
8094;89.32
8104;88.51
8114;88.91
8124;87.72
8134;88.51
8144;88.91
8154;88.91
8164;88.51
8174;89.73
8184;88.11
8194;89.32
8204;88.91
8214;89.73
8224;88.91
8234;88.91
8244;88.51
8254;87.72
8264;88.51
8274;89.73
8284;89.73
8294;89.32
8304;88.91
8314;88.91
8324;88.51
8334;88.91
8344;89.32
8354;87.72
8364;88.51
8374;88.51
8384;88.91
8394;89.32
8404;88.11
8414;88.11
8424;88.51
8434;88.51
8444;87.72
8454;88.91
8464;87.72
8474;87.72
8484;88.51
8494;89.73
8504;89.32
8514;88.11
8524;88.51
8534;88.91
8544;88.91
8554;89.32
8564;88.51
8574;88.91
8584;88.91
8594;89.32
8604;87.33
8614;88.51
8624;88.11
8634;90.15
8644;88.11
8654;88.91
8664;88.91
8674;89.73
8684;88.11
8694;88.91
8704;88.91
8714;87.72
8724;89.73
8734;88.51
8744;88.51
8754;89.32
8764;88.51
8774;88.51
8784;88.11
8794;89.32
8804;88.11
8814;88.91
8824;87.33
8834;89.32
8844;88.91
8854;88.51
8864;89.32
8874;88.11
8884;89.32
8894;88.11
8904;88.91
8914;87.33
8924;89.32
8934;89.32
8944;88.51
8954;89.73
8964;88.91
8974;88.51
8984;88.91
8994;88.51
9004;87.72
9014;88.11
9024;87.72
9034;89.32
9044;88.91
9054;88.91
9064;88.51
9074;88.11
9084;87.72
9094;87.72
9104;88.51
9114;87.72
9124;88.51
9134;89.32
9144;89.32
9154;88.51
9164;88.51
9174;88.91
9184;88.51
9194;88.91
9204;89.32
9214;89.73
9224;88.91
9234;89.32
9244;90.15
9254;88.11
9264;88.91
9274;89.73
9284;87.72
9294;89.32
9304;88.51
9314;89.73
9324;89.32
9334;88.91
9344;89.32
9354;88.51
9364;88.51
9374;89.73
9384;88.11
9394;89.32
9404;87.33
9414;89.32
9424;88.91
9434;88.11
9444;89.73
9454;88.51
9464;88.51
9474;88.91
9484;88.51
9494;88.11
9504;89.32
9514;88.51
9524;89.73
9534;88.11
9544;87.72
9554;86.57
9564;86.57
9574;88.11
9584;87.33
9594;88.11
9604;89.32
9614;88.51
9624;88.11
9634;88.11
9644;87.72
9654;88.91
9664;89.32
9674;88.11
9684;88.51
9694;89.73
9704;88.91
9714;87.72
9724;89.73
9734;89.32
9744;88.51
9754;88.51
9764;89.32
9775;88.91
9785;88.51
9795;89.73
9805;88.51
9815;89.73
9825;88.91
9835;88.11
9845;88.91
9855;88.51
9865;88.11
9875;88.91
9885;89.32
9895;88.51
9905;88.11
9915;89.32
9925;88.11
9935;89.32
9945;88.91
9955;88.51
9965;89.32
9975;88.91
9985;89.73
9995;88.51
10005;88.11
10015;89.73
10025;88.11
10035;88.11
10045;88.51
10055;88.51
10065;89.32
10075;88.51
10085;88.91
10095;89.32
10105;88.91
10115;88.51
10125;87.33
10135;88.91
10145;88.91
10155;88.51
10165;89.32
10175;88.51
10185;88.91
10195;89.73
10205;88.91
10215;89.32
10225;89.32
10235;89.73
10245;89.32
10255;88.11
10265;90.15
10275;89.32
10285;89.32
10295;89.73
10305;88.91
10315;89.32
10325;88.91
10335;88.91
10345;88.91
10355;90.15
10365;87.72
10375;90.57
10385;88.91
10395;89.32
10405;88.91
10415;88.91
10425;88.91
10435;90.57
10445;89.32
10455;89.32
10465;89.73
10475;89.73
10485;89.73
10495;89.32
10505;88.91
10515;88.51
10525;89.73
10535;89.73
10545;88.91
10555;89.73
10565;88.91
10575;88.11
10585;89.32
10595;89.73
10605;89.32
10615;89.32
10625;88.51
10635;90.15
10645;88.11
10655;90.15
10665;88.91
10675;89.32
10685;89.73
10695;88.91
10705;89.73
10715;88.91
10725;90.15
10735;89.73
10745;90.15
10755;90.15
10765;89.32
10775;89.32
10785;89.73
10795;89.32
10805;89.32
10815;89.73
10825;89.32
10835;90.57
10845;89.32
10855;89.73
10865;89.73
10875;88.91
10885;88.91
10895;88.51
10905;88.91
10915;89.32
10925;89.73
10935;88.51
10945;89.73
10955;89.32
10965;88.51
10975;88.91
10985;90.15
10995;88.91
11005;89.73
11015;90.57
11025;89.73
11035;89.32
11045;90.15
11055;88.11
11065;88.91
11075;90.15
11085;90.15
11095;88.11
11105;90.15
11115;89.32
11125;87.72
11135;88.91
11145;89.32
11155;89.73
11165;89.32
11175;88.11
11185;89.32
11195;89.32
11205;89.32
11215;90.15
11225;88.51
11235;89.32
11245;89.73
11255;89.73
11265;90.15
11275;89.32
11285;88.11
11295;89.73
11305;90.15
11315;89.32
11325;89.32
11335;88.51
11345;89.73
11355;88.91
11365;89.32
11375;88.91
11385;90.57
11395;89.73
11405;90.15
11415;90.15
11425;89.73
11435;89.73
11445;89.73
11455;88.91
11465;89.73
11475;89.32
11485;90.15
11495;88.91
11505;89.32
11515;88.91
11525;89.73
11535;89.73
11545;90.57
11555;89.32
11565;91.00
11575;90.15
11585;89.73
11595;90.15
11605;89.73
11615;90.15
11625;89.32
11635;89.32
11645;89.32
11655;89.73
11665;88.91
11675;87.72
11685;89.32
11695;89.73
11705;88.91
11715;89.32
11725;90.57
11735;89.32
11745;88.91
11755;89.32
11766;89.73
11776;88.91
11786;88.11
11796;89.32
11806;90.15
11816;89.32
11826;88.91
11836;88.51
11846;89.73
11856;89.73
11866;90.57
11876;89.73
11886;89.73
11896;88.51
11906;89.73
11916;90.15
11926;90.15
11936;88.11
11946;88.91
11956;89.73
11966;88.91
11976;90.15
11986;89.32
11996;88.91
12006;90.57
12016;89.32
12026;88.11
12036;88.51
12046;89.32
12056;89.32
12066;90.57
12076;90.57
12086;88.91
12096;89.73
12106;87.72
12116;90.15
12126;90.57
12136;89.32
12146;90.15
12156;90.15
12166;90.15
12176;89.73
12186;89.73
12196;89.32
12206;89.73
12216;90.57
12226;89.32
12236;91.00
12246;89.32
12256;90.15
12266;89.73
12276;89.73
12286;90.15
12296;89.32
12306;89.73
12316;90.15
12326;89.32
12336;89.73
12346;89.73
12356;89.73
12366;89.73
12376;90.57
12386;89.73
12396;90.15
12406;89.73
12416;89.32
12426;88.91
12436;89.73
12446;89.73
12456;89.32
12466;90.57
12476;89.73
12486;89.73
12496;90.15
12506;90.57
12516;89.73
12526;91.43
12536;90.15
12546;88.91
12556;90.57
12566;87.72
12576;89.73
12586;89.73
12596;90.15
12606;90.15
12616;89.73
12626;88.91
12636;89.32
12646;89.73
12656;89.73
12666;89.32
12676;89.32
12686;90.15
12696;88.91
12706;90.57
12716;90.15
12726;91.00
12736;89.73
12746;90.15
12756;89.32
12766;90.15
12776;90.15
12786;89.73
12796;90.57
12806;89.73
12816;90.15
12826;89.32
12836;88.91
12846;90.57
12856;89.73
12866;90.15
12876;89.32
12886;90.15
12896;88.51
12906;89.73
12916;89.32
12926;89.32
12936;90.57
12946;90.15
12956;90.15
12966;89.73
12976;90.15
12986;90.15
12996;90.15
13006;90.15
13016;90.15
13026;90.15
13036;89.32
13046;90.15
13056;89.73
13066;89.73
13076;88.91
13086;89.73
13096;89.73
13106;89.73
13116;90.15
13126;89.73
13136;90.15
13146;90.57
13156;90.15
13166;89.73
13176;89.32
13186;89.32
13196;90.15
13206;89.32
13216;89.73
13226;90.15
13236;89.32
13246;89.32
13256;89.73
13266;89.32
13276;89.32
13286;88.91
13296;90.15
13306;89.73
13316;89.32
13326;90.57
13336;89.73
13346;89.73
13356;88.91
13366;89.73
13376;89.32
13386;90.15
13396;89.73
13406;89.32
13416;89.73
13426;89.32
13436;90.15
13446;89.73
13456;90.15
13466;89.32
13476;90.15
13486;89.32
13496;89.73
13506;89.73
13516;90.57
13526;88.91
13536;89.32
13546;89.73
13556;91.43
13566;90.15
13576;89.73
13586;90.57
13596;90.57
13606;89.32
13616;88.91
13626;90.15
13636;90.15
13646;89.32
13656;90.15
13666;89.73
13676;89.32
13686;89.73
13696;89.73
13706;90.57
13716;88.11
13726;90.15
13736;90.15
13747;89.32
13757;89.32
13767;89.32
13777;88.51
13787;90.57
13797;89.73
13807;88.51
13817;89.32
13827;90.15
13837;89.73
13847;88.51
13857;88.91
13867;90.15
13877;89.73
13887;89.32
13897;89.73
13907;88.91
13917;87.72
13927;90.15
13937;91.00
13947;88.91
13957;90.15
13967;89.32
13977;89.73
13987;91.00
13997;89.32
14007;88.51
14017;89.73
14027;88.91
14037;89.73
14047;89.73
14057;89.32
14067;88.51
14077;90.15
14087;88.91
14097;90.15
14107;88.51
14117;89.32
14127;88.91
14137;89.32
14147;89.73
14157;89.73
14167;88.91
14177;89.73
14187;87.72
14197;89.73
14207;88.91
14217;89.32
14227;89.32
14237;89.73
14247;89.73
14257;91.00
14267;89.32
14277;90.57
14287;89.32
14297;89.32
14307;89.73
14317;90.57
14327;88.91
14337;89.32
14347;90.15
14357;89.32
14367;90.57
14377;90.57
14387;89.73
14397;88.91
14407;89.73
14417;89.73
14427;89.73
14437;89.32
14447;89.32
14457;89.73
14467;89.73
14477;89.32
14487;88.91
14497;90.57
14507;88.91
14517;89.32
14527;90.15
14537;89.73
14547;89.73
14557;90.15
14567;90.15
14577;88.51
14587;89.73
14597;90.15
14607;89.32
14617;90.15
14627;88.91
14637;90.15
14647;88.91
14657;90.15
14667;89.32
14677;90.57
14687;89.32
14697;87.72
14707;90.15
14717;89.73
14727;90.15
14737;89.32
14747;88.91
14757;88.91
14767;89.73
14777;89.32
14787;89.73
14797;88.91
14807;89.32
14817;88.91
14827;88.91
14837;89.73
14847;88.11
14857;90.57
14867;89.32
14877;88.91
14887;89.32
14897;90.15
14907;88.91
14917;90.15
14927;89.32
14937;90.57
14947;89.73
14957;89.32
14967;89.73
14977;88.11
14987;89.73
14997;88.91
15007;89.32
15017;89.32
15027;89.32
15037;89.73
15047;89.32
15057;90.57
15067;89.73
15077;90.15
15087;89.32
15097;89.73
15107;88.51
15117;88.51
15127;89.32
15137;89.32
15147;88.91
15157;88.91
15167;89.73
15177;89.73
15187;89.32
15197;89.73
15207;89.32
15217;88.91
15227;89.32
15237;89.32
15247;88.91
15257;88.91
15267;89.32
15277;89.73
15287;89.32
15297;90.15
15307;90.15
15317;87.72
15327;88.91
15337;87.72
15347;89.73
15357;90.15
15367;90.57
15377;90.15
15387;88.51
15397;89.73
15407;89.32
15417;89.32
15427;88.91
15437;89.32
15447;88.51
15457;89.32
15467;89.32
15477;88.91
15487;88.91
15497;89.73
15507;89.32
15517;89.32
15527;88.91
15537;89.73
15547;88.91
15557;89.73
15567;90.15
15577;89.32
15587;89.32
15597;89.73
15607;88.91
15617;89.32
15627;90.15
15637;90.15
15647;89.73
15657;89.32
15667;90.15
15677;88.91
15687;90.15
15697;89.32
15707;90.15
15717;89.32
15728;88.91
15738;88.11
15748;88.91
15758;89.32
15768;88.91
15778;89.73
15788;89.73
15798;88.91
15808;87.33
15818;89.73
15828;88.91
15838;89.73
15848;88.91
15858;89.32
15868;89.32
15878;88.91
15888;89.32
15898;88.91
15908;90.57
15918;88.91
15928;89.32
15938;88.91
15948;90.15
15958;90.15
15968;88.91
15978;90.57
15988;89.32
15998;89.32
16008;89.73
16018;88.91
16028;89.32
16038;89.73
16048;88.51
16058;89.73
16068;89.32
16078;90.57
16088;89.32
16098;88.91
16108;88.91
16118;88.91
16128;88.91
16138;89.73
16148;89.73
16158;90.57
16168;89.32
16178;89.73
16188;88.91
16198;89.73
16208;89.73
16218;89.73
16228;88.51
16238;88.91
16248;88.91
16258;89.73
16268;89.32
16278;88.91
16288;88.91
16298;89.73
16308;89.73
16318;88.91
16328;89.32
16338;89.32
16348;89.32
16358;89.73
16368;88.91
16378;89.32
16388;89.73
16398;89.32
16408;88.11
16418;89.32
16428;88.51
16438;88.91
16448;88.91
16458;88.51
16468;87.72
16478;89.32
16488;89.32
16498;90.15
16508;89.73
16518;89.32
16528;90.15
16538;89.32
16548;90.15
16558;89.32
16568;89.32
16578;89.73
16588;88.11
16598;88.91
16608;88.51
16618;88.51
16628;89.32
16638;88.91
16648;89.32
16658;89.73
16668;88.91
16678;89.73
16688;89.32
16698;88.91
16708;90.15
16718;89.73
16728;89.32
16738;89.32
16748;89.32
16758;90.15
16768;89.32
16778;87.72
16788;90.57
16798;89.32
16808;90.15
16818;88.91
16828;89.32
16838;88.91
16848;89.73
16858;89.73
16868;88.91
16878;88.91
16888;89.32
16898;88.51
16908;88.91
16918;89.73
16928;88.91
16938;88.91
16948;89.32
16958;90.15
16968;89.32
16978;89.73
16988;88.91
16998;89.32
17008;89.73
17018;89.32
17028;89.32
17038;88.91
17048;91.43
17058;89.73
17068;89.32
17078;88.91
17088;90.15
17098;88.91
17108;88.51
17118;89.73
17128;88.91
17138;89.32
17148;89.32
17158;90.15
17168;89.32
17178;90.15
17188;88.91
17198;89.73
17208;89.32
17218;90.15
17228;88.11
17238;90.15
17248;88.91
17258;89.32
17268;89.32
17278;89.32
17288;89.32
17298;90.15
17308;89.73
17318;87.72
17328;90.57
17338;88.51
17348;88.11
17358;90.15
17368;87.72
17378;89.32
17388;87.33
17398;88.91
17408;87.33
17418;88.91
17428;88.91
17438;89.32
17448;89.73
17458;89.73
17468;87.33
17478;89.32
17488;88.91
17498;89.32
17508;89.32
17518;89.73
17528;89.73
17538;89.32
17548;89.73
17558;88.51
17568;89.32
17578;89.73
17588;88.51
17598;88.51
17608;89.32
17618;88.91
17628;88.91
17638;88.91
17648;90.15
17658;88.91
17668;87.33
17678;89.73
17688;88.51
17698;89.73
17709;88.91
17719;89.32
17729;89.32
17739;89.32
17749;88.91
17759;89.32
17769;88.51
17779;88.91
17789;89.73
17799;89.32
17809;89.73
17819;88.11
17829;87.72
17839;89.73
17849;88.91
17859;88.11
17869;88.91
17879;89.32
17889;89.32
17899;88.91
17909;88.51
17919;88.91
17929;87.72
17939;91.43
17949;88.51
17959;88.51
17969;89.32
17979;89.73
17989;88.91
17999;87.33
18009;89.73
18019;89.32
18029;89.32
18039;88.91
18049;88.91
18059;90.15
18069;90.15
18079;90.15
18089;88.11
18099;89.73
18109;89.32
18119;89.73
18129;89.73
18139;88.91
18149;89.73
18159;89.73
18169;88.91
18179;88.91
18189;89.32
18199;89.73
18209;89.73
18219;88.91
18229;90.57
18239;89.73
18249;89.73
18259;88.91
18269;89.73
18279;88.91
18289;89.73
18299;88.91
18309;89.32
18319;87.33
18329;88.91
18339;87.72
18349;88.91
18359;89.32
18369;88.91
18379;89.32
18389;88.91
18399;89.73
18409;89.32
18419;88.51
18429;89.32
18439;90.15
18449;88.91
18459;89.32
18469;89.32
18479;88.51
18489;89.73
18499;89.32
18509;89.73
18519;88.91
18529;88.91
18539;88.91
18549;87.72
18559;89.73
18569;89.73
18579;90.15
18589;88.51
18599;89.73
18609;88.91
18619;87.33
18629;89.73
18639;88.91
18649;89.73
18659;89.32
18669;88.51
18679;89.32
18689;88.91
18699;89.32
18709;89.32
18719;88.51
18729;88.91
18739;88.91
18749;89.73
18759;88.91
18769;88.91
18779;89.32
18789;88.11
18799;89.32
18809;89.32
18819;88.11
18829;88.51
18839;88.91
18849;88.91
18859;88.91
18869;89.32
18879;89.32
18889;88.11
18899;88.51
18909;88.51
18919;88.51
18929;88.11
18939;89.32
18949;89.32
18959;87.72
18969;90.15
18979;89.32
18989;88.91
18999;89.73
19009;87.72
19019;89.73
19029;89.32
19039;88.91
19049;88.51
19059;90.15
19069;88.51
19079;90.15
19089;89.73
19099;88.91
19109;90.15
19119;88.91
19129;88.11
19139;89.32
19149;88.51
19159;88.91
19169;89.32
19179;90.15
19189;90.15
19199;88.11
19209;88.11
19219;88.51
19229;88.51
19239;90.15
19249;89.32
19259;88.51
19269;89.32
19279;88.51
19289;89.32
19299;88.91
19309;88.91
19319;88.51
19329;89.32
19339;87.72
19349;88.91
19359;88.91
19369;89.32
19379;89.32
19389;89.32
19399;88.91
19409;88.91
19419;89.32
19429;88.51
19439;89.32
19449;89.32
19459;88.91
19469;88.51
19479;89.32
19489;89.32
19499;88.11
19509;89.73
19519;89.32
19529;89.32
19539;89.32
19549;88.91
19559;88.51
19569;88.91
19579;88.11
19589;88.51
19599;88.91
19609;88.51
19619;89.32
19629;88.51
19639;88.51
19649;89.73
19659;87.72
19669;88.91
19679;88.91
19690;89.73
19700;89.32
19710;88.91
19720;88.51
19730;88.91
19740;88.51
19750;88.51
19760;90.57
19770;88.91
19780;89.32
19790;89.32
19800;89.32
19810;89.73
19820;89.32
19830;88.51
19840;89.32
19850;88.51
19860;89.32
19870;88.11
19880;89.73
19890;88.11
19900;88.91
19910;89.73
19920;88.51
19930;88.51
19940;88.51
19950;89.32
19960;88.91
19970;88.91
19980;88.11
19990;89.32
20000;88.51
20010;88.91
20020;88.91
20030;87.33
20040;88.91
20050;88.51
20060;89.32
20070;88.11
20080;89.73
20090;87.72
20100;88.91
20110;88.91
20120;90.15
20130;89.32
20140;87.33
20150;88.11
20160;89.73
20170;88.11
20180;90.15
20190;89.32
20200;88.91
20210;89.32
20220;89.32
20230;88.91
20240;88.51
20250;89.73
20260;88.91
20270;88.91
20280;88.51
20290;88.51
20300;89.32
20310;88.51
20320;88.91
20330;88.51
20340;88.11
20350;88.11
20360;89.73
20370;88.91
20380;88.51
20390;89.32
20400;89.32
20410;89.32
20420;88.91
20430;88.51
20440;87.72
20450;88.91
20460;89.32
20470;88.51
20480;88.51
20490;89.32
20500;88.51
20510;88.91
20520;88.51
20530;88.91
20540;87.72
20550;89.32
20560;88.91
20570;88.51
20580;89.32
20590;88.11
20600;88.51
20610;89.32
20620;88.51
20630;89.32
20640;89.32
20650;88.11
20660;88.91
20670;88.91
20680;87.33
20690;88.91
20700;89.32
20710;89.32
20720;88.11
20730;89.73
20740;88.51
20750;89.32
20760;88.91
20770;88.11
20780;89.32
20790;89.32
20800;88.51
20810;88.91
20820;87.72
20830;89.73
20840;88.11
20850;88.91
20860;88.51
20870;88.51
20880;89.32
20890;87.72
20900;88.91
20910;88.11
20920;88.51
20930;88.91
20940;88.51
20950;88.11
20960;88.51
20970;89.73
20980;88.51
20990;88.11
21000;88.91
21010;88.91
21020;88.91
21030;88.11
21040;88.91
21050;88.51
21060;88.51
21070;88.91
21080;88.51
21090;88.51
21100;88.91
21110;89.32
21120;88.11
21130;88.11
21140;88.51
21150;88.51
21160;88.11
21170;88.51
21180;89.32
21190;88.91
21200;89.32
21210;88.11
21220;86.57
21230;88.91
21240;88.51
21250;88.91
21260;88.91
21270;88.51
21280;88.91
21290;88.91
21300;86.57
21310;87.33
21320;89.73
21330;89.32
21340;88.51
21350;88.91
21360;88.91
21370;87.33
21380;88.11
21390;88.11
21400;88.91
21410;89.32
21420;89.32
21430;88.91
21440;88.51
21450;89.32
21460;89.32
21470;88.51
21480;88.51
21490;90.15
21500;88.11
21510;88.91
21520;87.72
21530;88.11
21540;89.32
21550;88.11
21560;88.51
21570;88.11
21580;88.51
21590;88.91
21600;89.32
21610;89.73
21620;89.32
21630;88.51
21640;87.33
21650;88.91
21660;89.32
21671;88.11
21681;88.11
21691;88.51
21701;89.32
21711;89.32
21721;88.91
21731;88.91
21741;88.91
21751;89.32
21761;88.91
21771;88.51
21781;87.72
21791;86.57
21801;88.91
21811;88.51
21821;87.72
21831;86.57
21841;88.91
21851;88.51
21861;88.91
21871;88.91
21881;88.11
21891;87.72
21901;88.11
21911;88.91
21921;88.51
21931;88.91
21941;88.11
21951;88.91
21961;88.91
21971;88.11
21981;88.91
21991;88.11
22001;89.32
22011;88.51
22021;88.91
22031;88.51
22041;88.11
22051;88.51
22061;88.51
22071;88.11
22081;88.91
22091;88.91
22101;88.11
22111;88.91
22121;89.32
22131;88.11
22141;89.32
22151;88.11
22161;88.51
22171;89.32
22181;88.11
22191;88.11
22201;88.11
22211;89.32
22221;88.51
22231;88.51
22241;88.51
22251;89.32
22261;88.11
22271;88.91
22281;88.91
22291;88.51
22301;88.51
22311;86.20
22321;88.91
22331;89.32
22341;88.11
22351;88.91
22361;89.73
22371;89.32
22381;87.33
22391;88.91
22401;88.11
22411;87.72
22421;88.11
22431;88.91
22441;88.91
22451;87.72
22461;89.32
22471;88.91
22481;88.51
22491;88.11
22501;87.72
22511;87.33
22521;90.57
22531;88.91
22541;88.51
22551;89.32
22561;88.11
22571;88.11
22581;88.51
22591;88.91
22601;87.72
22611;87.33
22621;88.51
22631;88.91
22641;88.91
22651;89.32
22661;88.51
22671;88.51
22681;88.91
22691;89.73
22701;88.11
22711;88.91
22721;88.11
22731;88.91
22741;88.91
22751;89.32
22761;88.11
22771;88.11
22781;89.32
22791;88.11
22801;88.51
22811;88.11
22821;88.91
22831;88.91
22841;88.51
22851;86.20
22861;89.32
22871;89.73
22881;87.72
22891;89.32
22901;89.32
22911;88.51
22921;88.51
22931;88.91
22941;89.32
22951;89.32
22961;89.32
22971;89.32
22981;88.11
22991;89.32
23001;89.32
23012;88.51
23022;88.51
23032;88.91
23042;87.72
23052;88.91
23062;88.51
23072;88.11
23082;88.91
23092;88.91
23102;88.91
23112;88.51
23122;88.91
23132;88.11
23142;88.11
23152;90.15
23162;88.11
23172;88.51
23182;89.32
23192;88.11
23202;88.51
23212;88.91
23222;88.51
23232;88.51
23242;87.72
23252;88.11
23262;87.72
23272;88.11
23283;89.32
23293;88.11
23303;88.11
23313;88.91
23323;88.11
23333;88.51
23343;88.91
23353;88.51
23363;88.51
23373;89.32
23383;88.11
23393;88.11
23403;88.91
23413;87.72
23423;87.72
23433;88.51
23443;88.11
23453;88.51
23463;88.51
23473;88.51
23483;88.51
23493;87.72
23503;88.11
23513;88.91
23523;88.51
23533;87.72
23543;88.91
23554;88.51
23564;88.11
23574;88.11
23584;88.11
23594;87.72
23604;89.32
23614;88.51
23624;88.11
23634;88.11
23644;89.73
23654;88.51
23664;88.51
23674;88.11
23684;88.51
23694;88.11
23704;88.11
23714;88.11
23724;88.11
23734;89.32
23744;88.51
23754;88.91
23764;88.11
23774;88.91
23784;88.11
23794;89.32
23804;88.11
23814;88.51
23825;88.11
23835;89.73
23845;86.57
23855;87.72
23865;88.91
23875;89.32
23885;88.91
23895;88.11
23905;88.11
23915;87.72
23925;88.11
23935;87.72
23945;88.11
23955;88.51
23965;88.11
23975;88.51
23985;88.91
23995;88.91
24005;88.91
24015;87.72
24025;87.33
24035;87.72
24045;88.91
24055;89.73
24065;89.32
24075;88.11
24085;88.91
24096;88.91
24106;86.57
24116;88.91
24126;88.51
24136;88.91
24146;86.57
24156;88.91
24166;88.51
24176;88.11
24186;88.11
24196;87.72
24206;88.11
24216;88.51
24226;88.91
24236;89.32
24246;87.72
24256;88.51
24266;89.32
24276;88.11
24286;87.72
24296;88.11
24306;88.91
24316;88.51
24326;88.11
24336;88.11
24346;89.32
24356;87.72
24367;87.72
24377;88.51
24387;88.11
24397;88.91
24407;88.51
24417;87.72
24427;88.11
24437;87.33
24447;88.11
24457;89.32
24467;88.11
24477;87.72
24487;88.51
24497;88.91
24507;87.72
24517;88.11
24527;88.11
24537;88.91
24547;87.72
24557;88.91
24567;88.51
24577;88.51
24587;86.57
24597;88.51
24607;88.11
24617;89.73
24627;88.51
24638;89.32
24648;88.51
24658;88.91
24668;88.91
24678;87.72
24688;88.91
24698;88.51
24708;88.11
24718;88.51
24728;88.11
24738;87.72
24748;88.51
24758;88.51
24768;88.11
24778;88.51
24788;87.72
24798;88.91
24808;88.11
24818;88.11
24828;88.51
24838;88.51
24848;88.91
24858;88.51
24868;88.91
24878;88.11
24888;88.91
24898;88.51
24908;88.91
24919;88.11
24929;88.51
24939;89.32
24949;89.32
24959;87.33
24969;88.51
24979;88.91
24989;88.91
24999;86.57
25009;87.72
25019;88.91
25029;88.51
25039;88.11
25049;88.91
25059;88.11
25069;88.51
25079;87.72
25089;88.51
25099;88.51
25109;89.32
25119;87.72
25129;88.51
25139;88.11
25149;89.32
25159;89.32
25169;88.51
25179;88.11
25190;88.91
25200;88.91
25210;87.72
25220;88.91
25230;88.51
25240;88.11
25250;88.51
25260;87.72
25270;88.11
25280;88.51
25290;88.11
25300;89.32
25310;88.11
25320;88.11
25330;87.33
25340;89.73
25350;87.72
25360;88.11
25370;88.91
25380;88.11
25390;88.11
25400;88.11
25410;88.11
25420;89.32
25430;88.11
25440;88.11
25450;87.72
25460;88.51
25471;87.72
25481;89.73
25491;88.11
25501;88.11
25511;88.11
25521;87.72
25531;87.72
25541;88.51
25551;88.11
25561;87.72
25571;88.11
25581;88.11
25591;87.72
25601;86.57
25611;89.73
25621;88.11
25631;87.72
25641;87.72
25651;86.20
25661;88.11
25671;88.51
25681;88.51
25691;88.11
25701;88.11
25711;88.51
25721;88.91
25731;88.51
25741;88.91
25752;88.51
25762;88.91
25772;87.72
25782;88.51
25792;86.20
25802;87.72
25812;87.72
25822;86.20
25832;89.32
25842;88.11
25852;87.72
25862;87.33
25872;88.51
25882;88.11
25892;88.11
25902;89.32
25912;88.91
25922;87.33
25932;88.11
25942;88.51
25952;88.11
25962;88.91
25972;88.91
25982;87.33
25992;89.32
26002;88.91
26012;88.51
26023;88.91
26033;88.11
26043;87.33
26053;88.51
26063;88.91
26073;86.57
26083;88.51
26093;87.33
26103;88.51
26113;88.51
26123;88.51
26133;88.51
26143;88.91
26153;88.11
26163;87.72
26173;88.11
26183;88.11
26193;88.51
26203;88.51
26213;88.51
26223;88.11
26233;86.57
26243;88.51
26253;88.11
26263;89.32
26273;88.91
26283;88.51
26293;87.72
26304;88.91
26314;88.11
26324;87.72
26334;88.51
26344;88.51
26354;88.51
26364;88.51
26374;87.72
26384;87.33
26394;88.51
26404;88.11
26414;86.57
26424;87.72
26434;88.51
26444;87.72
26454;87.72
26464;88.91
26474;88.11
26484;88.51
26494;87.72
26504;88.11
26514;87.72
26524;89.32
26534;88.51
26544;88.51
26554;87.72
26564;88.51
26574;89.32
26585;88.51
26595;86.20
26605;88.51
26615;88.11
26625;88.51
26635;88.51
26645;88.91
26655;87.72
26665;87.72
26675;88.11
26685;86.57
26695;88.11
26705;88.11
26715;89.32
26725;88.11
26735;88.51
26745;87.72
26755;88.11
26765;88.51
26775;88.51
26785;88.91
26795;88.91
26805;88.51
26815;86.57
26825;86.57
26835;88.51
26845;86.57
26855;88.11
26866;88.11
26876;87.72
26886;88.91
26896;86.57
26906;88.91
26916;88.91
26926;87.72
26936;88.91
26946;88.51
26956;88.51
26966;88.51
26976;89.32
26986;88.91
26996;87.33
27006;88.11
27016;86.57
27026;87.72
27036;87.33
27046;88.91
27056;88.11
27066;88.51
27076;88.11
27086;88.11
27096;88.91
27106;88.91
27116;88.11
27126;86.57
27136;88.51
27147;88.11
27157;88.11
27167;88.51
27177;86.57
27187;88.51
27197;86.20
27207;88.51
27217;88.11
27227;88.51
27237;88.91
27247;87.33
27257;88.11
27267;88.11
27277;88.91
27287;89.32
27297;88.91
27307;87.72
27317;88.51
27327;88.91
27337;88.11
27347;88.11
27357;88.91
27367;88.51
27377;88.11
27387;88.91
27397;88.51
27407;88.51
27417;88.11
27428;88.91
27438;88.51
27448;88.51
27458;88.51
27468;88.11
27478;88.51
27488;88.91
27498;89.32
27508;88.11
27518;88.11
27528;88.91
27538;89.73
27548;88.51
27558;88.51
27568;88.11
27578;88.11
27588;88.11
27598;87.33
27608;88.51
27618;88.91
27628;88.51
27638;88.91
27648;88.51
27658;89.32
27668;87.72
27678;87.33
27688;88.11
27698;88.11
27708;87.72
27719;88.91
27729;88.51
27739;87.72
27749;88.11
27759;88.51
27769;86.57
27779;88.91
27789;88.91
27799;86.57
27809;87.72
27819;88.11
27829;88.11
27839;86.57
27849;88.11
27859;88.91
27869;88.51
27879;88.91
27889;86.57
27899;87.33
27909;87.72
27919;88.11
27929;88.51
27939;88.11
27949;89.32
27959;88.91
27969;88.11
27979;88.51
27989;89.32
28000;88.11
28010;88.11
28020;88.51
28030;88.91
28040;88.51
28050;88.11
28060;88.11
28070;88.11
28080;88.91
28090;88.51
28100;88.11
28110;88.51
28120;88.51
28130;88.51
28140;88.91
28150;88.91
28160;89.73
28170;89.32
28180;89.73
28190;88.51
28200;88.11
28210;89.32
28220;88.11
28230;89.32
28240;88.51
28250;88.11
28260;89.32
28270;88.51
28280;87.33
28291;88.51
28301;88.91
28311;89.32
28321;88.11
28331;88.91
28341;89.32
28351;88.91
28361;88.11
28371;89.32
28381;89.32
28391;88.51
28401;87.33
28411;86.57
28421;89.32
28431;88.11
28441;88.91
28451;88.51
28461;87.72
28471;88.51
28481;88.51
28491;88.11
28501;88.11
28511;88.11
28521;88.91
28531;88.51
28541;88.91
28551;88.91
28561;88.11
28572;88.91
28582;88.51
28592;88.91
28602;88.11
28612;89.32
28622;88.91
28632;88.91
28642;87.72
28652;88.91
28662;88.91
28672;88.91
28682;88.51
28692;88.11
28702;88.11
28712;88.91
28722;88.91
28732;89.32
28742;87.72
28752;88.91
28762;88.51
28772;89.32
28782;88.51
28792;88.51
28802;89.32
28812;89.32
28822;88.91
28832;88.91
28842;89.32
28852;89.73
28863;88.51
28873;88.51
28883;89.32
28893;88.51
28903;88.91
28913;88.11
28923;88.51
28933;89.32
28943;89.32
28953;89.73
28963;88.11
28973;88.11
28983;88.51
28993;88.51
29003;87.72
29013;88.51
29023;88.11
29033;89.32
29043;88.11
29053;89.32
29063;88.11
29073;88.11
29083;88.91
29093;88.51
29103;88.91
29113;89.32
29123;88.11
29133;88.11
29143;87.33
29154;90.15
29164;89.32
29174;88.51
29184;88.11
29194;88.51
29204;88.51
29214;88.91
29224;88.91
29234;88.51
29244;88.51
29254;88.51
29264;88.51
29274;88.91
29284;88.91
29294;89.32
29304;88.91
29314;89.32
29324;89.32
29334;88.51
29344;88.51
29354;88.51
29364;89.32
29374;88.51
29384;88.11
29394;88.11
29404;88.91
29414;88.51
29424;88.51
29434;88.11
29445;89.73
29455;88.51
29465;88.11
29475;89.73
29485;88.91
29495;88.51
29505;88.51
29515;88.91
29525;88.91
29535;88.51
29545;88.51
29555;88.11
29565;86.57
29575;88.91
29585;89.73
29595;88.11
29605;90.15
29615;88.91
29625;88.51
29635;88.51
29645;88.91
29655;88.11
29665;88.11
29675;89.32
29685;88.51
29695;88.51
29705;87.33
29715;88.11
29725;89.32
29736;88.91
29746;88.91
29756;88.91
29766;87.72
29776;88.51
29786;88.51
29796;87.72
29806;88.51
29816;88.91
29826;88.51
29836;88.91
29846;88.11
29856;88.51
29866;88.91
29876;89.32
29886;86.57
29896;88.91
29906;89.32
29916;89.32
29926;89.32
29936;88.51
29946;88.11
29956;86.57
29966;88.11
29976;88.91
29986;88.11
29996;87.72
30006;88.51
30016;88.11
30027;89.32
30037;88.11
30047;88.91
30057;89.73
30067;87.72
30077;88.91
30087;88.11
30097;88.91
30107;89.32
30117;88.91
30127;88.11
30137;88.51
30147;88.51
30157;88.51
30167;88.91
30177;88.11
30187;88.91
30197;88.11
30207;88.11
30217;88.51
30227;87.72
30237;88.91
30247;88.91
30257;88.91
30267;88.11
30277;88.51
30287;88.11
30297;87.33
30307;88.51
30318;88.51
30328;88.11
30338;89.32
30348;89.32
30358;87.72
30368;88.11
30378;86.57
30388;88.91
30398;89.73
30408;88.11
30418;88.51
30428;88.11
30438;87.33
30448;88.11
30458;87.33
30468;88.51
30478;88.51
30488;89.32
30498;88.91
30508;88.91
30518;88.91
30528;88.91
30538;89.73
30548;88.11
30558;88.11
30568;88.51
30578;88.91
30588;86.57
30599;87.72
30609;88.51
30619;88.11
30629;88.51
30639;88.91
30649;88.11
30659;88.51
30669;88.51
30679;88.91
30689;88.91
30699;89.73
30709;88.11
30719;88.11
30729;88.91
30739;88.91
30749;89.73
30759;88.11
30769;89.32
30779;88.11
30789;88.51
30799;88.51
30809;88.51
30819;88.91
30829;88.11
30839;86.20
30849;88.91
30859;88.91
30869;89.73
30879;88.91
30890;87.33
30900;89.32
30910;88.11
30920;88.51
30930;88.91
30940;88.51
30950;88.11
30960;89.32
30970;87.72
30980;88.51
30990;89.73
31000;88.91
31010;88.11
31020;87.72
31030;88.91
31040;89.32
31050;88.91
31060;89.32
31070;88.51
31080;88.51
31090;88.91
31100;88.51
31110;87.33
31120;89.73
31130;89.32
31140;88.51
31150;88.51
31160;89.32
31171;88.11
31181;87.72
31191;88.91
31201;89.32
31211;88.91
31221;88.91
31231;87.33
31241;89.32
31251;88.51
31261;88.11
31271;88.11
31281;88.11
31291;88.11
31301;88.51
31311;88.11
31321;88.91
31331;87.72
31341;88.51
31351;88.91
31361;88.51
31371;87.33
31381;88.11
31391;89.32
31401;88.91
31411;88.51
31421;88.91
31431;88.51
31441;86.57
31451;88.91
31462;88.11
31472;89.32
31482;89.32
31492;88.51
31502;89.73
31512;87.72
31522;88.11
31532;88.51
31542;88.51
31552;88.91
31562;88.11
31572;89.32
31582;88.51
31592;88.51
31602;88.51
31612;88.51
31622;88.51
31632;86.57
31642;88.11
31652;88.91
31662;89.32
31672;88.11
31682;88.11
31692;88.51
31702;87.72
31712;88.91
31722;88.11
31732;89.32
31742;87.33
31753;88.11
31763;88.51
31773;88.51
31783;88.11
31793;88.11
31803;88.11
31813;88.91
31823;88.11
31833;88.51
31843;88.11
31853;88.51
31863;88.11
31873;89.32
31883;88.51
31893;88.91
31903;88.91
31913;88.91
31923;88.11
31933;88.91
31943;88.11
31953;88.11
31963;88.11
31973;88.51
31983;88.51
31993;88.51
32003;88.11
32013;89.32
32023;88.11
32033;88.91
32043;88.11
32054;88.11
32064;88.91
32074;88.51
32084;89.32
32094;88.51
32104;88.51
32114;88.11
32124;88.11
32134;88.11
32144;88.91
32154;88.91
32164;87.72
32174;88.51
32184;87.72
32194;88.11
32204;88.91
32214;88.91
32224;89.32
32234;88.51
32244;88.51
32254;88.51
32264;88.91
32274;88.11
32284;88.91
32294;88.11
32304;87.72
32314;89.32
32324;88.11
32334;89.32
32344;88.11
32355;88.11
32365;88.11
32375;88.11
32385;88.51
32395;88.91
32405;90.15
32415;88.91
32425;88.51
32435;88.51
32445;86.57
32455;89.32
32465;88.51
32475;88.91
32485;88.11
32495;88.11
32505;86.57
32515;88.91
32525;86.20
32535;88.51
32545;88.51
32555;88.91
32565;88.51
32575;87.33
32585;89.32
32595;88.11
32605;88.51
32615;89.32
32625;88.11
32635;88.91
32646;88.51
32656;89.32
32666;88.51
32676;88.11
32686;88.91
32696;88.51
32706;88.11
32716;88.91
32726;89.32
32736;88.51
32746;87.72
32756;88.11
32766;88.51
32776;88.11
32786;88.51
32796;88.51
32806;88.11
32816;88.11
32826;88.51
32836;88.91
32846;89.32
32856;88.51
32866;88.91
32876;88.91
32886;88.11
32896;88.51
32906;88.11
32916;87.72
32926;89.32
32936;89.32
32947;88.51
32957;88.91
32967;87.33
32977;88.11
32987;88.11
32997;88.91
33007;88.91
33017;88.51
33027;86.57
33037;89.32
33047;87.33
33057;88.51
33067;88.11
33077;89.32
33087;88.91
33097;88.11
33107;88.11
33117;88.51
33127;87.72
33137;88.51
33147;88.11
33157;89.32
33167;88.51
33177;87.72
33187;87.72
33197;88.91
33207;88.11
33217;87.72
33227;88.51
33237;88.51
33248;88.91
33258;88.11
33268;88.11
33278;88.91
33288;88.51
33298;87.72
33308;88.11
33318;87.72
33328;89.73
33338;88.91
33348;88.11
33358;88.11
33368;88.51
33378;89.32
33388;88.91
33398;88.51
33408;88.51
33418;88.11
33428;87.72
33438;88.91
33448;88.51
33458;88.91
33468;88.51
33478;88.11
33488;89.32
33498;87.33
33508;88.51
33518;88.51
33528;88.91
33538;88.51
33549;88.11
33559;88.51
33569;88.51
33579;88.51
33589;89.32
33599;88.11
33609;88.11
33619;89.73
33629;88.91
33639;88.91
33649;88.51
33659;87.33
33669;88.91
33679;88.11
33689;88.11
33699;88.11
33709;88.91
33719;88.51
33729;87.72
33739;88.51
33749;88.51
33759;87.72
33769;88.91
33779;88.51
33789;88.11
33799;88.91
33809;88.91
33819;88.11
33829;88.11
33840;88.51
33850;88.11
33860;89.32
33870;89.32
33880;88.91
33890;88.91
33900;88.11
33910;88.51
33920;88.51
33930;88.51
33940;88.51
33950;88.91
33960;89.32
33970;88.11
33980;89.32
33990;88.51
34000;88.11
34010;88.11
34020;87.72
34030;89.32
34040;88.51
34050;88.91
34060;87.72
34070;88.11
34080;88.91
34090;88.51
34100;89.32
34110;88.51
34120;88.51
34130;88.91
34140;88.91
34151;89.32
34161;88.51
34171;87.72
34181;89.73
34191;88.11
34201;88.91
34211;87.72
34221;88.11
34231;88.51
34241;88.91
34251;88.91
34261;88.91
34271;87.72
34281;88.51
34291;88.51
34301;88.91
34311;88.11
34321;88.51
34331;88.51
34341;86.20
34351;88.11
34361;88.91
34371;87.72
34381;87.33
34391;88.91
34401;87.72
34411;88.51
34421;88.11
34431;89.32
34441;88.91
34452;86.57
34462;88.51
34472;88.51
34482;88.91
34492;89.73
34502;87.72
34512;88.51
34522;88.51
34532;88.91
34542;88.91
34552;87.72
34562;87.72
34572;88.51
34582;88.11
34592;87.72
34602;88.51
34612;88.91
34622;88.51
34632;88.51
34642;88.51
34652;88.91
34662;87.72
34672;88.11
34682;89.32
34692;88.91
34702;87.72
34712;86.57
34722;88.11
34732;89.32
34742;87.72
34753;88.11
34763;88.51
34773;88.91
34783;88.11
34793;88.91
34803;88.51
34813;86.20
34823;88.51
34833;88.51
34843;88.11
34853;87.72
34863;88.11
34873;89.32
34883;88.91
34893;89.73
34903;89.32
34913;88.51
34923;86.57
34933;88.91
34943;89.32
34953;88.51
34963;88.91
34973;88.51
34983;86.57
34993;86.20
35003;88.51
35013;88.91
35023;87.72
35033;88.11
35043;88.11
35053;88.11
35064;88.91
35074;88.51
35084;88.11
35094;88.51
35104;88.11
35114;88.91
35124;87.72
35134;88.11
35144;88.51
35154;88.11
35164;88.51
35174;88.11
35184;86.57
35194;88.91
35204;88.51
35214;88.91
35224;88.51
35234;88.11
35244;89.32
35254;88.91
35264;88.51
35274;88.91
35284;88.51
35294;88.91
35304;89.32
35314;87.72
35324;88.91
35334;88.91
35344;88.91
35354;89.32
35364;88.51
35375;88.91
35385;86.57
35395;89.32
35405;88.11
35415;88.51
35425;88.91
35435;88.91
35445;86.20
35455;88.11
35465;88.11
35475;89.32
35485;88.91
35495;88.91
35505;88.51
35515;88.91
35525;88.11
35535;88.51
35545;89.32
35555;89.73
35565;88.51
35575;86.57
35585;88.11
35595;88.51
35605;88.11
35615;88.11
35625;88.11
35635;88.11
35645;87.33
35655;87.72
35665;88.51
35676;88.91
35686;86.57
35696;88.91
35706;88.51
35716;88.11
35726;88.11
35736;88.11
35746;88.11
35756;88.51
35766;88.11
35776;86.57
35786;88.11
35796;89.32
35806;89.73
35816;88.51
35826;86.57
35836;88.11
35846;88.51
35856;88.11
35866;88.11
35876;88.91
35886;89.32
35896;89.32
35906;88.51
35916;87.33
35926;87.72
35936;88.11
35946;88.11
35956;88.91
35966;87.72
35976;88.51
35987;88.91
35997;87.72
36007;88.91
36017;88.51
36027;87.72
36037;88.51
36047;88.51
36057;88.11
36067;86.20
36077;89.73
36087;88.11
36097;88.11
36107;88.51
36117;88.91
36127;88.11
36137;88.11
36147;87.72
36157;88.51
36167;89.32
36177;88.51
36187;88.91
36197;88.51
36207;88.91
36217;88.91
36227;88.91
36237;87.72
36247;88.11
36257;88.51
36267;88.51
36277;88.11
36287;89.32
36298;89.32
36308;88.11
36318;88.51
36328;88.91
36338;88.11
36348;89.32
36358;88.11
36368;88.51
36378;87.72
36388;88.91
36398;88.51
36408;89.32
36418;88.51
36428;88.91
36438;87.72
36448;88.11
36458;89.32
36468;88.51
36478;88.51
36488;88.51
36498;88.51
36508;88.91
36518;88.51
36528;88.51
36538;89.32
36548;89.32
36558;87.72
36568;88.91
36578;88.51
36588;87.33
36598;89.32
36609;86.20
36619;88.51
36629;88.91
36639;87.72
36649;88.91
36659;88.51
36669;87.72
36679;88.51
36689;88.51
36699;88.51
36709;88.11
36719;89.32
36729;88.51
36739;87.72
36749;89.32
36759;88.11
36769;88.91
36779;88.51
36789;88.51
36799;88.11
36809;89.32
36819;88.51
36829;88.91
36839;88.51
36849;88.11
36859;87.72
36869;88.11
36879;88.51
36889;88.11
36899;88.91
36909;89.32
36920;89.32
36930;90.15
36940;88.51
36950;88.91
36960;88.11
36970;87.72
36980;88.11
36990;88.11
37000;88.51
37010;88.11
37020;88.11
37030;88.51
37040;88.11
37050;87.72
37060;88.11
37070;87.72
37080;88.91
37090;87.33
37100;88.51
37110;89.32
37120;87.33
37130;88.11
37140;88.11
37150;88.11
37160;88.11
37170;88.91
37180;88.91
37190;88.51
37200;87.33
37210;88.91
37220;88.91
37230;88.51
37241;88.51
37251;87.72
37261;88.51
37271;87.33
37281;89.32
37291;88.91
37301;89.32
37311;88.91
37321;87.72
37331;87.33
37341;88.11
37351;88.91
37361;88.11
37371;88.91
37381;88.11
37391;87.72
37401;87.72
37411;88.11
37421;88.51
37431;88.11
37441;87.72
37451;89.73
37461;88.11
37471;89.32
37481;88.91
37491;88.91
37501;88.11
37511;88.51
37521;89.32
37531;88.51
37541;89.32
37552;88.51
37562;88.51
37572;88.91
37582;89.32
37592;89.32
37602;88.51
37612;88.91
37622;87.72
37632;88.91
37642;89.32
37652;88.51
37662;89.32
37672;88.91
37682;88.91
37692;89.32
37702;89.32
37712;88.51
37722;87.72
37732;89.32
37742;87.72
37752;89.32
37762;88.91
37772;88.51
37782;88.51
37792;88.11
37802;89.32
37812;88.91
37822;88.91
37832;88.11
37842;87.72
37852;89.73
37862;88.91
37873;91.00
37883;89.32
37893;88.51
37903;88.11
37913;88.51
37923;88.91
37933;88.11
37943;89.32
37953;88.51
37963;88.91
37973;89.73
37983;88.51
37993;89.32
38003;88.91
38013;87.72
38023;89.32
38033;87.72
38043;87.33
38053;89.32
38063;89.73
38073;88.11
38083;88.51
38093;88.91
38103;88.91
38113;87.72
38123;88.51
38133;88.11
38143;88.91
38153;88.11
38163;88.51
38173;87.72
38183;88.51
38194;88.91
38204;88.11
38214;88.11
38224;87.33
38234;88.11
38244;88.91
38254;88.11
38264;86.57
38274;88.11
38284;88.11
38294;88.11
38304;88.11
38314;88.51
38324;87.72
38334;88.51
38344;88.51
38354;88.51
38364;88.11
38374;88.11
38384;87.72
38394;88.91
38404;88.11
38414;88.51
38424;88.51
38434;88.51
38444;88.51
38454;87.33
38464;88.11
38474;88.11
38484;88.11
38494;88.51
38504;87.72
38515;87.33
38525;86.57
38535;87.72
38545;89.32
38555;88.11
38565;88.91
38575;87.33
38585;88.11
38595;88.91
38605;88.11
38615;88.11
38625;88.91
38635;87.72
38645;89.32
38655;88.11
38665;87.72
38675;88.51
38685;88.51
38695;88.51
38705;88.51
38715;88.91
38725;86.57
38735;88.11
38745;88.91
38755;88.51
38765;88.51
38775;88.91
38785;89.32
38795;88.91
38805;88.11
38815;88.91
38825;89.32
38836;88.51
38846;88.51
38856;88.91
38866;88.51
38876;89.73
38886;88.51
38896;89.32
38906;89.32
38916;88.91
38926;88.51
38936;88.91
38946;88.91
38956;88.51
38966;88.91
38976;90.15
38986;88.11
38996;89.32
39006;88.51
39016;89.73
39026;88.51
39036;90.15
39046;89.73
39056;88.91
39066;89.73
39076;88.91
39086;87.33
39096;88.91
39106;88.91
39116;88.51
39126;88.91
39136;90.15
39146;89.32
39157;90.15
39167;88.51
39177;89.73
39187;88.91
39197;88.11
39207;88.51
39217;88.91
39227;90.15
39237;89.73
39247;90.15
39257;90.15
39267;89.32
39277;89.73
39287;89.73
39297;90.15
39307;90.15
39317;89.73
39327;90.15
39337;88.91
39347;88.91
39357;89.32
39367;89.32
39377;89.32
39387;88.91
39397;88.91
39407;88.91
39417;89.32
39427;89.73
39437;89.73
39447;88.91
39457;89.32
39467;89.32
39477;89.32
39488;88.11
39498;90.57
39508;89.32
39518;89.32
39528;90.15
39538;88.91
39548;89.32
39558;90.15
39568;88.51
39578;89.32
39588;88.91
39598;88.91
39608;90.57
39618;89.32
39628;88.91
39638;88.91
39648;89.32
39658;90.15
39668;88.91
39678;89.32
39688;89.73
39698;89.32
39708;89.32
39718;89.32
39728;87.72
39738;89.73
39748;90.15
39758;88.91
39768;89.73
39778;89.73
39788;90.15
39798;89.32
39809;89.73
39819;89.32
39829;89.73
39839;89.73
39849;89.32
39859;89.73
39869;90.57
39879;88.91
39889;89.32
39899;89.32
39909;90.57
39919;90.15
39929;90.57
39939;89.73
39949;89.32
39959;89.32
39969;88.91
39979;88.51
39989;89.73
39999;88.91
40009;88.51
40019;89.73
40029;89.73
40039;88.91
40049;90.15
40059;88.91
40069;87.33
40079;89.73
40089;89.73
40099;89.73
40109;89.73
40119;89.32
40129;88.51
40140;88.11
40150;88.91
40160;90.15
40170;89.32
40180;89.73
40190;90.15
40200;90.15
40210;88.91
40220;88.91
40230;89.32
40240;88.91
40250;88.51
40260;88.91
40270;88.51
40280;89.32
40290;88.51
40300;88.91
40310;88.91
40320;89.32
40330;89.73
40340;90.15
40350;89.73
40360;89.73
40370;88.91
40380;89.32
40390;89.73
40400;90.15
40410;90.15
40420;88.91
40430;89.32
40440;89.32
40450;88.91
40460;89.32
40471;88.91
40481;89.73
40491;89.73
40501;88.11
40511;89.32
40521;88.51
40531;89.32
40541;88.91
40551;88.91
40561;90.15
40571;89.73
40581;87.72
40591;88.91
40601;90.15
40611;88.91
40621;88.91
40631;88.51
40641;88.51
40651;89.32
40661;89.73
40671;90.57
40681;88.51
40691;88.51
40701;89.32
40711;88.51
40721;88.91
40731;91.43
40741;88.91
40751;88.11
40761;89.32
40771;88.91
40781;89.73
40791;88.91
40802;88.91
40812;89.32
40822;89.32
40832;88.91
40842;89.32
40852;88.51
40862;88.51
40872;88.91
40882;88.91
40892;89.73
40902;88.91
40912;90.15
40922;88.51
40932;88.91
40942;88.91
40952;89.73
40962;89.32
40972;89.32
40982;89.32
40992;89.73
41002;89.73
41012;88.51
41022;89.73
41032;88.91
41042;90.15
41052;90.15
41062;89.73
41072;89.32
41082;88.91
41092;89.32
41102;90.15
41112;89.32
41122;89.73
41132;88.51
41143;89.73
41153;88.91
41163;89.73
41173;89.73
41183;89.32
41193;89.32
41203;89.73
41213;88.91
41223;89.32
41233;89.32
41243;89.32
41253;89.32
41263;89.73
41273;90.15
41283;89.32
41293;88.91
41303;88.51
41313;89.32
41323;88.91
41333;89.32
41343;88.91
41353;89.32
41363;90.15
41373;90.15
41383;88.91
41393;89.32
41403;88.91
41413;89.32
41423;89.73
41433;88.91
41443;87.33
41453;89.73
41463;89.73
41474;89.32
41484;89.73
41494;88.91
41504;89.73
41514;89.73
41524;88.51
41534;88.51
41544;89.73
41554;90.15
41564;88.91
41574;89.32
41584;88.51
41594;89.73
41604;88.91
41614;88.91
41624;89.32
41634;89.73
41644;88.91
41654;89.73
41664;89.32
41674;88.11
41684;88.51
41694;88.91
41704;88.91
41714;86.57
41724;85.83
41734;89.73
41744;88.91
41754;89.73
41764;88.51
41774;90.15
41784;89.32
41794;88.91
41804;89.73
41815;89.73
41825;88.51
41835;89.73
41845;88.51
41855;88.51
41865;89.73
41875;88.51
41885;88.91
41895;88.51
41905;88.51
41915;89.73
41925;89.32
41935;89.73
41945;88.91
41955;89.73
41965;89.32
41975;88.51
41985;88.91
41995;88.91
42005;89.73
42015;89.73
42025;89.32
42035;90.15
42045;88.91
42055;90.57
42065;88.91
42075;88.51
42085;89.32
42095;89.73
42105;87.72
42115;88.91
42125;88.91
42135;89.32
42145;88.51
42156;89.32
42166;88.91
42176;89.73
42186;87.33
42196;88.91
42206;88.91
42216;88.11
42226;89.32
42236;88.91
42246;88.91
42256;88.91
42266;89.32
42276;88.91
42286;89.32
42296;89.32
42306;88.91
42316;87.72
42326;89.73
42336;87.33
42346;89.32
42356;88.51
42366;90.15
42376;88.51
42386;89.32
42396;89.73
42406;88.91
42416;88.11
42426;89.73
42436;89.73
42446;88.91
42456;89.32
42466;88.51
42476;89.32
42486;88.91
42497;89.32
42507;89.32
42517;89.32
42527;89.32
42537;89.73
42547;89.73
42557;88.91
42567;88.51
42577;88.51
42587;90.15
42597;88.11
42607;89.73
42617;89.32
42627;88.91
42637;88.91
42647;88.91
42657;88.11
42667;90.15
42677;88.51
42687;88.91
42697;89.73
42707;89.32
42717;89.32
42727;88.91
42737;88.91
42747;88.51
42757;88.91
42767;88.51
42777;89.32
42787;89.73
42797;88.51
42807;88.91
42817;89.32
42827;88.51
42837;88.91
42848;88.91
42858;90.15
42868;89.73
42878;88.91
42888;88.91
42898;89.32
42908;89.32
42918;90.57
42928;89.73
42938;89.32
42948;89.32
42958;88.11
42968;89.32
42978;88.91
42988;88.91
42998;88.11
43008;88.11
43018;88.91
43028;89.32
43038;89.32
43048;88.91
43058;89.73
43068;89.73
43078;89.73
43088;89.73
43098;88.91
43108;89.32
43118;89.32
43128;88.11
43138;89.32
43148;88.11
43158;88.91
43168;89.73
43178;88.51
43189;88.51
43199;88.51
43209;89.73
43219;90.15
43229;88.91
43239;88.91
43249;88.91
43259;88.91
43269;88.51
43279;88.91
43289;89.32
43299;88.91
43309;89.73
43319;89.32
43329;89.32
43339;90.15
43349;89.73
43359;88.51
43369;89.32
43379;88.51
43389;88.51
43399;88.91
43409;89.32
43419;89.73
43429;90.15
43439;89.32
43449;88.91
43459;88.91
43469;88.91
43479;88.91
43489;89.32
43499;87.72
43509;89.73
43519;90.15
43530;88.91
43540;88.11
43550;89.73
43560;90.15
43570;88.51
43580;89.32
43590;90.57
43600;88.91
43610;88.51
43620;89.32
43630;88.51
43640;88.91
43650;88.91
43660;89.73
43670;89.73
43680;89.73
43690;89.32
43700;88.11
43710;88.91
43720;89.73
43730;88.91
43740;89.32
43750;88.91
43760;89.32
43770;88.91
43780;88.91
43790;89.32
43800;89.32
43810;89.73
43820;89.32
43830;89.32
43840;88.91
43850;91.00
43860;89.73
43870;89.32
43881;90.15
43891;89.32
43901;89.73
43911;90.15
43921;89.32
43931;89.73
43941;88.91
43951;90.15
43961;90.15
43971;89.73
43981;89.32
43991;89.73
44001;89.73
44011;90.57
44021;89.73
44031;89.32
44041;88.51
44051;89.32
44061;88.91
44071;89.73
44081;89.32
44091;88.91
44101;89.73
44111;88.91
44121;89.32
44131;89.73
44141;90.15
44151;87.33
44161;89.73
44171;88.51
44181;88.51
44191;89.32
44201;89.73
44211;89.73
44221;89.73
44232;88.11
44242;90.15
44252;90.15
44262;90.57
44272;89.32
44282;89.32
44292;89.32
44302;88.11
44312;89.32
44322;89.32
44332;88.91
44342;89.32
44352;89.73
44362;89.73
44372;89.32
44382;88.91
44392;88.91
44402;89.73
44412;89.32
44422;88.91
44432;89.73
44442;91.00
44452;89.73
44462;89.73
44472;90.15
44482;90.15
44492;90.15
44502;89.73
44512;88.91
44522;88.91
44532;90.15
44542;89.32
44552;89.32
44562;90.15
44572;89.32
44583;88.91
44593;89.73
44603;88.91
44613;89.73
44623;89.32
44633;89.73
44643;89.73
44653;89.32
44663;88.91
44673;88.51
44683;90.15
44693;89.32
44703;89.32
44713;88.11
44723;89.32
44733;89.73
44743;88.11
44753;88.91
44763;89.73
44773;89.32
44783;89.32
44793;88.91
44803;91.00
44813;89.32
44823;89.32
44833;88.91
44843;89.73
44853;88.91
44863;89.73
44873;90.15
44883;88.91
44893;88.91
44903;87.72
44913;89.73
44923;90.57
44933;88.91
44944;88.91
44954;88.11
44964;89.73
44974;90.15
44984;89.73
44994;88.91
45004;89.73
45014;89.32
45024;89.32
45034;89.32
45044;89.32
45054;88.51
45064;89.32
45074;90.15
45084;90.15
45094;90.15
45104;89.32
45114;89.32
45124;88.91
45134;89.32
45144;90.57
45154;89.73
45164;90.15
45174;89.32
45184;88.11
45194;89.32
45204;88.91
45214;90.15
45224;88.91
45234;89.32
45244;88.51
45254;90.15
45264;89.32
45274;89.73
45284;89.32
45295;90.57
45305;89.32
45315;89.32
45325;89.32
45335;89.73
45345;89.32
45355;88.91
45365;89.32
45375;90.15
45385;89.32
45395;88.11
45405;91.00
45415;88.91
45425;88.91
45435;89.73
45445;89.32
45455;90.57
45465;89.32
45475;88.11
45485;90.15
45495;89.32
45505;90.15
45515;90.15
45525;90.15
45535;90.15
45545;90.15
45555;90.57
45565;90.57
45575;90.15
45585;91.00
45595;89.73
45605;89.73
45615;90.15
45625;89.32
45635;90.15
45645;90.15
45656;90.15
45666;90.57
45676;90.57
45686;89.73
45696;90.15
45706;90.57
45716;90.15
45726;89.32
45736;90.15
45746;89.32
45756;89.73
45766;91.00
45776;89.32
45786;89.73
45796;90.15
45806;89.73
45816;89.73
45826;90.15
45836;90.57
45846;89.32
45856;89.32
45866;89.32
45876;90.15
45886;89.73
45896;91.43
45906;90.15
45916;89.73
45926;90.15
45936;90.15
45946;89.73
45956;88.91
45966;91.00
45976;90.57
45986;89.32
45996;89.32
46007;89.32
46017;89.73
46027;90.15
46037;90.57
46047;90.57
46057;89.32
46067;90.57
46077;90.57
46087;90.57
46097;90.57
46107;90.15
46117;91.43
46127;89.32
46137;88.51
46147;89.73
46157;89.73
46167;89.73
46177;90.57
46187;90.15
46197;90.15
46207;88.91
46217;89.73
46227;89.73
46237;90.57
46247;88.51
46257;90.57
46267;90.57
46277;89.73
46287;90.57
46297;89.73
46307;89.32
46317;90.15
46327;89.73
46337;90.57
46347;89.73
46357;90.15
46368;89.73
46378;90.15
46388;89.73
46398;91.00
46408;89.32
46418;90.15
46428;90.15
46438;90.15
46448;91.00
46458;89.32
46468;90.15
46478;90.57
46488;89.73
46498;90.57
46508;90.57
46518;90.15
46528;89.73
46538;90.15
46548;90.15
46558;90.57
46568;89.73
46578;90.57
46588;89.73
46598;90.15
46608;89.73
46618;90.15
46628;91.00
46638;90.15
46648;90.15
46658;90.57
46668;88.91
46678;90.15
46688;90.57
46698;89.73
46708;90.15
46718;90.15
46728;90.15
46739;90.57
46749;89.32
46759;92.32
46769;90.57
46779;90.15
46789;90.15
46799;90.15
46809;90.57
46819;89.73
46829;91.00
46839;90.57
46849;89.32
46859;90.15
46869;90.57
46879;90.15
46889;91.00
46899;90.15
46909;90.15
46919;89.32
46929;90.57
46939;90.57
46949;90.15
46959;89.73
46969;90.57
46979;90.15
46989;92.32
46999;90.57
47009;90.15
47019;88.91
47029;90.57
47039;91.43
47049;89.73
47059;91.00
47069;91.43
47079;90.15
47089;90.57
47100;90.15
47110;90.57
47120;90.15
47130;90.57
47140;90.15
47150;91.00
47160;90.57
47170;90.15
47180;90.15
47190;90.57
47200;91.00
47210;91.43
47220;91.00
47230;91.00
47240;90.57
47250;90.15
47260;91.43
47270;90.15
47280;91.00
47290;90.15
47300;91.00
47310;90.15
47320;91.00
47330;90.57
47340;89.73
47350;91.43
47360;90.57
47370;91.43
47380;91.00
47390;90.57
47400;90.57
47410;93.22
47420;91.00
47430;90.57
47440;79.48
47450;92.32
47460;90.57
47471;91.00
47481;90.15
47491;91.43
47501;90.15
47511;90.15
47521;91.43
47531;91.43
47541;90.15
47551;91.43
47561;91.43
47571;91.00
47581;91.43
47591;91.00
47601;91.43
47611;91.00
47621;91.43
47631;91.43
47641;90.57
47651;92.32
47661;89.73
47671;91.43
47681;90.57
47691;91.00
47701;91.00
47711;92.77
47721;90.15
47731;92.77
47741;91.00
47751;90.57
47761;91.43
47771;91.00
47781;90.15
47791;91.00
47801;91.00
47811;90.57
47821;91.00
47831;91.43
47842;91.00
47852;90.57
47862;90.15
47872;91.00
47882;91.43
47892;92.77
47902;91.00
47912;92.32
47922;91.43
47932;91.00
47942;91.43
47952;91.43
47962;92.77
47972;90.15
47982;90.57
47992;91.00
48002;91.00
48012;92.32
48022;92.32
48032;90.57
48042;91.43
48052;89.73
48062;91.43
48072;90.57
48082;89.32
48092;90.57
48102;91.00
48112;91.43
48122;90.57
48132;90.57
48142;92.32
48152;89.73
48162;91.00
48172;91.00
48182;90.57
48192;92.32
48202;89.32
48213;92.32
48223;90.57
48233;90.15
48243;91.43
48253;91.00
48263;90.57
48273;91.43
48283;91.00
48293;91.00
48303;90.15
48313;89.73
48323;91.00
48333;92.32
48343;91.00
48353;89.73
48363;91.00
48373;90.57
48383;91.00
48393;91.00
48403;91.00
48413;91.00
48423;90.57
48433;89.73
48443;91.00
48453;90.57
48463;91.00
48473;91.00
48483;91.00
48493;91.00
48503;91.43
48513;91.43
48523;91.00
48533;91.00
48543;90.57
48553;92.32
48563;92.32
48573;92.32
48584;89.32
48594;91.43
48604;91.00
48614;91.43
48624;91.43
48634;91.00
48644;92.32
48654;91.00
48664;91.43
48674;90.57
48684;92.32
48694;92.32
48704;90.57
48714;91.00
48724;91.00
48734;91.00
48744;90.57
48754;90.15
48764;91.00
48774;91.00
48784;92.32
48794;90.57
48804;90.57
48814;92.32
48824;91.43
48834;90.57
48844;91.43
48854;91.43
48864;91.43
48874;93.69
48884;91.43
48894;91.00
48904;92.77
48914;90.15
48924;92.32
48934;89.73
48944;90.57
48955;91.00
48965;92.32
48975;91.43
48985;91.43
48995;91.43
49005;90.57
49015;91.00
49025;91.00
49035;90.57
49045;90.57
49055;91.43
49065;92.32
49075;91.43
49085;91.43
49095;90.57
49105;92.32
49115;91.43
49125;91.00
49135;92.77
49145;91.43
49155;91.00
49165;92.77
49175;92.32
49185;92.32
49195;91.00
49205;91.00
49215;91.00
49226;91.00
49236;91.43
49246;90.57
49256;92.77
49266;92.32
49276;91.43
49286;91.43
49296;92.77
49306;92.77
49316;90.57
49326;91.43
49336;93.22
49346;91.00
49356;91.43
49366;91.00
49376;91.00
49386;91.00
49396;91.43
49406;91.43
49416;90.57
49426;91.00
49436;91.43
49446;91.43
49456;92.32
49466;91.43
49476;91.00
49486;90.57
49497;91.43
49507;91.00
49517;91.43
49527;91.43
49537;90.15
49547;92.77
49557;91.00
49567;92.32
49577;90.57
49587;92.32
49597;91.43
49607;91.00
49617;91.43
49627;91.00
49637;91.43
49647;91.43
49657;91.43
49667;91.43
49677;91.00
49687;91.00
49697;93.22
49707;92.32
49717;91.00
49727;90.57
49737;91.00
49747;90.57
49758;92.32
49768;91.43
49778;92.77
49788;91.43
49798;92.32
49808;92.77
49818;91.00
49828;91.43
49838;89.73
49848;91.00
49858;91.43
49868;91.00
49878;92.77
49888;91.43
49898;92.32
49908;92.77
49918;91.43
49928;93.22
49938;92.32
49948;90.15
49958;92.32
49968;91.43
49978;91.00
49988;91.43
49998;91.43
50008;91.00
50018;91.43
50029;91.43
50039;91.00
50049;92.77
50059;91.00
50069;91.43
50079;91.43
50089;91.00
50099;91.00
50109;90.57
50119;91.00
50129;92.77
50139;92.32
50149;91.00
50159;92.77
50169;93.22
50179;92.32
50189;92.32
50199;91.43
50209;90.57
50219;92.77
50229;90.57
50239;91.43
50249;91.43
50259;92.32
50269;91.00
50279;92.32
50289;92.32
50300;92.32
50310;91.00
50320;90.57
50330;91.43
50340;91.00
50350;91.43
50360;91.43
50370;92.32
50380;92.32
50390;92.77
50400;91.43
50410;91.43
50420;91.43
50430;92.32
50440;91.00
50450;91.00
50460;92.77
50470;91.43
50480;91.43
50490;91.43
50500;91.00
50510;91.00
50520;92.32
50530;93.22
50540;90.57
50550;89.73
50560;92.77
50571;92.32
50581;92.32
50591;92.32
50601;92.77
50611;91.00
50621;92.77
50631;91.43
50641;90.15
50651;91.00
50661;92.32
50671;91.00
50681;90.57
50691;92.32
50701;91.43
50711;92.32
50721;91.43
50731;92.77
50741;91.43
50751;92.32
50761;91.43
50771;92.77
50781;91.43
50791;91.00
50801;93.22
50811;92.32
50821;91.43
50831;91.43
50842;92.32
50852;91.43
50862;91.43
50872;93.22
50882;91.43
50892;91.00
50902;91.00
50912;91.43
50922;90.15
50932;92.32
50942;91.00
50952;92.77
50962;92.32
50972;91.43
50982;91.00
50992;92.32
51002;90.57
51012;92.32
51022;91.43
51032;92.32
51042;91.00
51052;91.43
51062;92.32
51072;93.22
51082;92.32
51092;91.43
51102;91.43
51112;93.22
51123;92.32
51133;91.43
51143;92.77
51153;91.00
51163;92.32
51173;92.32
51183;92.77
51193;92.32
51203;91.43
51213;92.77
51223;92.77
51233;91.43
51243;92.32
51253;92.77
51263;92.32
51273;92.77
51283;92.77
51293;93.22
51303;90.15
51313;91.43
51323;92.77
51333;92.77
51343;93.22
51353;92.77
51363;92.32
51373;91.00
51383;92.32
51394;91.43
51404;93.22
51414;91.43
51424;90.57
51434;92.77
51444;92.77
51454;92.32
51464;91.43
51474;93.69
51484;92.32
51494;92.77
51504;91.43
51514;91.00
51524;93.22
51534;92.32
51544;92.77
51554;91.43
51564;92.32
51574;92.32
51584;91.00
51594;91.43
51604;92.32
51614;91.43
51624;91.43
51634;92.77
51644;92.77
51654;92.32
51664;92.32
51675;91.43
51685;92.32
51695;92.32
51705;92.32
51715;92.32
51725;92.77
51735;92.32
51745;92.77
51755;92.32
51765;92.77
51775;92.32
51785;90.15
51795;92.32
51805;92.32
51815;92.77
51825;91.43
51835;91.43
51845;92.32
51855;91.43
51865;90.15
51875;91.00
51885;92.32
51895;92.32
51905;92.32
51915;91.43
51925;91.43
51935;93.22
51945;92.32
51956;91.43
51966;92.77
51976;91.43
51986;91.43
51996;92.77
52006;91.43
52016;92.32
52026;93.22
52036;92.32
52046;91.43
52056;93.22
52066;92.32
52076;92.77
52086;93.69
52096;91.43
52106;92.32
52116;90.15
52126;92.32
52136;93.22
52146;92.32
52156;93.69
52166;92.77
52176;91.43
52186;92.32
52196;93.22
52206;93.69
52216;93.22
52227;93.22
52237;91.00
52247;91.00
52257;92.32
52267;92.77
52277;91.43
52287;92.77
52297;92.77
52307;92.77
52317;92.77
52327;92.77
52337;92.32
52347;92.32
52357;92.77
52367;91.43
52377;92.32
52387;92.32
52397;92.77
52407;92.32
52417;93.22
52427;91.43
52437;92.32
52447;92.77
52457;92.77
52467;91.43
52477;90.57
52487;92.77
52497;92.77
52508;93.22
52518;93.22
52528;92.32
52538;93.69
52548;92.32
52558;92.32
52568;91.43
52578;92.77
52588;92.32
52598;91.43
52608;93.69
52618;91.43
52628;92.32
52638;92.77
52648;92.32
52658;92.32
52668;93.69
52678;93.22
52688;91.43
52698;92.32
52708;92.77
52718;93.22
52728;92.77
52738;92.77
52748;91.00
52758;91.43
52768;92.77
52778;92.77
52789;92.32
52799;92.77
52809;92.32
52819;92.32
52829;92.77
52839;93.22
52849;92.32
52859;92.32
52869;92.77
52879;92.32
52889;92.77
52899;92.77
52909;91.43
52919;92.77
52929;93.22
52939;91.43
52949;92.32
52959;92.77
52969;92.32
52979;92.32
52989;92.77
52999;92.32
53009;92.32
53019;93.22
53029;92.77
53039;93.22
53049;93.22
53060;92.32
53070;92.32
53080;92.77
53090;92.77
53100;92.32
53110;93.22
53120;92.77
53130;93.22
53140;93.69
53150;92.77
53160;93.22
53170;91.43
53180;92.77
53190;93.22
53200;93.22
53210;92.32
53220;92.32
53230;92.77
53240;93.22
53250;93.22
53260;92.77
53270;93.69
53280;92.77
53290;93.22
53300;91.00
53310;92.77
53320;92.32
53330;94.16
53341;92.77
53351;93.22
53361;93.69
53371;91.43
53381;91.00
53391;91.43
53401;93.22
53411;93.69
53421;93.69
53431;93.22
53441;93.22
53451;92.77
53461;92.32
53471;91.43
53481;92.77
53491;92.32
53501;92.77
53511;93.22
53521;92.77
53531;92.77
53541;93.22
53551;90.15
53561;91.43
53571;92.32
53581;92.32
53591;93.22
53601;92.77
53611;91.43
53621;92.77
53632;93.22
53642;92.77
53652;93.69
53662;92.32
53672;93.22
53682;92.32
53692;92.32
53702;92.77
53712;93.22
53722;92.32
53732;92.77
53742;92.32
53752;92.77
53762;92.32
53772;90.57
53782;91.43
53792;93.22
53802;92.77
53812;92.77
53822;92.32
53832;93.22
53842;92.32
53852;92.32
53862;93.22
53872;92.32
53882;91.00
53892;91.43
53902;91.00
53913;92.32
53923;91.00
53933;92.32
53943;92.77
53953;93.22
53963;92.77
53973;92.32
53983;93.22
53993;93.22
54003;93.22
54013;92.77
54023;93.22
54033;93.22
54043;92.77
54053;93.22
54063;92.77
54073;92.32
54083;93.69
54093;93.22
54103;92.32
54113;92.32
54123;92.32
54133;92.77
54143;93.69
54153;92.32
54163;93.22
54173;91.43
54183;92.77
54193;93.22
54204;93.22
54214;92.77
54224;92.77
54234;92.32
54244;91.43
54254;93.22
54264;94.16
54274;93.22
54284;92.32
54294;92.77
54304;92.32
54314;92.32
54324;93.22
54334;93.69
54344;92.77
54354;92.77
54364;93.22
54374;92.77
54384;93.69
54394;92.32
54404;92.77
54414;93.69
54424;93.69
54434;92.32
54444;92.32
54454;92.32
54464;93.22
54474;92.77
54485;93.22
54495;92.32
54505;93.22
54515;92.77
54525;92.77
54535;93.69
54545;91.00
54555;93.22
54565;92.77
54575;92.77
54585;93.69
54595;92.32
54605;92.32
54615;91.43
54625;92.77
54635;92.77
54645;91.43
54655;93.22
54665;92.32
54675;92.77
54685;92.32
54695;92.32
54705;92.32
54715;93.22
54725;91.43
54735;92.77
54745;93.22
54755;93.22
54765;91.43
54776;93.22
54786;90.57
54796;92.32
54806;92.32
54816;93.22
54826;92.32
54836;93.22
54846;93.22
54856;93.22
54866;92.32
54876;91.43
54886;92.32
54896;93.22
54906;92.32
54916;92.32
54926;93.69
54936;91.43
54946;93.22
54956;92.77
54966;93.22
54976;92.77
54986;92.32
54996;93.69
55006;93.22
55016;92.32
55026;93.22
55036;92.77
55046;92.32
55057;92.77
55067;92.77
55077;93.22
55087;92.32
55097;92.77
55107;92.77
55117;94.16
55127;92.32
55137;93.22
55147;92.32
55157;93.22
55167;93.69
55177;92.77
55187;94.16
55197;93.69
55207;93.22
55217;92.32
55227;92.77
55237;91.43
55247;93.22
55257;92.77
55267;91.00
55277;93.22
55287;92.77
55297;93.22
55307;92.77
55317;93.22
55327;92.77
55337;92.77
55348;93.22
55358;93.69
55368;92.77
55378;91.43
55388;91.43
55398;92.77
55408;92.77
55418;93.22
55428;92.77
55438;92.77
55448;93.22
55458;92.77
55468;93.22
55478;93.69
55488;93.22
55498;92.32
55508;90.57
55518;92.77
55528;92.32
55538;93.69
55548;92.77
55558;93.22
55568;92.32
55578;93.69
55588;93.22
55598;92.77
55608;93.69
55618;92.77
55628;93.69
55639;92.32
55649;92.77
55659;92.32
55669;92.77
55679;93.69
55689;92.77
55699;92.77
55709;92.77
55719;92.77
55729;92.77
55739;91.43
55749;92.77
55759;92.32
55769;93.22
55779;93.69
55789;93.22
55799;92.32
55809;92.77
55819;91.00
55829;93.69
55839;92.77
55849;93.22
55859;93.69
55869;91.43
55879;92.32
55889;92.77
55899;92.77
55909;93.22
55920;92.32
55930;93.22
55940;92.77
55950;93.22
55960;93.22
55970;94.16
55980;92.77
55990;93.22
56000;91.43
56010;92.77
56020;94.64
56030;92.77
56040;91.43
56050;92.32
56060;92.77
56070;91.43
56080;91.43
56090;93.69
56100;92.77
56110;93.69
56120;94.16
56130;92.77
56140;92.77
56150;93.22
56160;93.22
56170;93.22
56180;93.22
56190;92.32
56200;92.77
56211;92.32
56221;91.00
56231;92.77
56241;93.22
56251;92.77
56261;94.64
56271;94.16
56281;92.77
56291;91.43
56301;92.32
56311;91.43
56321;92.32
56331;92.77
56341;92.77
56351;92.77
56361;93.22
56371;93.22
56381;92.77
56391;92.77
56401;92.77
56411;92.77
56421;92.77
56431;93.22
56441;92.77
56451;92.32
56461;92.32
56471;92.32
56481;91.00
56492;91.00
56502;93.69
56512;91.43
56522;92.32
56532;93.22
56542;92.77
56552;93.22
56562;92.77
56572;92.32
56582;92.77
56592;93.69
56602;93.22
56612;92.77
56622;93.22
56632;93.22
56642;92.77
56652;93.22
56662;93.22
56672;91.43
56682;92.32
56692;93.69
56702;92.32
56712;92.32
56722;93.69
56732;94.16
56742;92.77
56752;91.00
56762;92.77
56772;92.77
56783;93.22
56793;92.32
56803;92.32
56813;93.22
56823;92.77
56833;92.32
56843;92.77
56853;93.22
56863;92.32
56873;92.32
56883;93.22
56893;93.22
56903;92.32
56913;93.22
56923;92.77
56933;92.32
56943;92.32
56953;93.69
56963;93.22
56973;92.32
56983;91.43
56993;93.22
57003;93.22
57013;92.32
57023;92.32
57033;92.32
57043;91.00
57053;92.32
57063;91.00
57074;90.57
57084;92.32
57094;91.00
57104;92.77
57114;92.32
57124;91.43
57134;91.43
57144;91.00
57154;91.43
57164;92.32
57174;90.57
57184;90.15
57194;89.73
57204;92.32
57214;90.57
57224;92.77
57234;92.32
57244;91.43
57254;91.43
57264;93.22
57274;90.15
57284;92.77
57294;92.32
57304;91.43
57314;92.77
57324;92.32
57334;91.00
57344;93.22
57355;92.77
57365;91.43
57375;91.43
57385;91.00
57395;92.32
57405;90.15
57415;91.43
57425;92.32
57435;91.43
57445;91.00
57455;92.32
57465;92.32
57475;91.43
57485;91.43
57495;92.32
57505;91.00
57515;93.22
57525;91.00
57535;91.43
57545;90.57
57555;92.32
57565;92.77
57575;92.32
57585;92.32
57595;90.57
57605;92.32
57615;92.32
57625;90.57
57635;91.43
57646;91.43
57656;92.32
57666;92.77
57676;90.15
57686;92.77
57696;91.43
57706;92.77
57716;91.00
57726;92.77
57736;92.77
57746;91.43
57756;92.32
57766;91.43
57776;91.00
57786;91.43